
 CYCLE NUMBER    1 MODEL TIME IN  HOURS  0.00

 DIAGONAL ELEMENTS OF U 

 -0.4436830E-03 -0.9301153E-02 -0.1807418E-01 -0.2668497E-01 -0.3505718E-01 -0.4311656E-01 -0.5079164E-01 -0.5801438E-01
 -0.6472073E-01 -0.7085122E-01 -0.7635149E-01 -0.8117276E-01 -0.8527230E-01 -0.8861374E-01 -0.9116745E-01 -0.9291080E-01
 -0.9382832E-01 -0.9391188E-01 -0.9316074E-01 -0.9158155E-01 -0.8918833E-01 -0.8600228E-01 -0.8205167E-01 -0.7737152E-01
 -0.7200333E-01 -0.6599471E-01 -0.5939894E-01 -0.5227449E-01 -0.4468455E-01 -0.3669641E-01 -0.2838091E-01 -0.1981179E-01
 -0.1106502E-01 -0.2218167E-02  0.6650320E-02  0.1546180E-01  0.2413815E-01  0.3260243E-01  0.4077958E-01  0.4859710E-01
  0.5598566E-01  0.6287976E-01  0.6921825E-01  0.7494494E-01  0.8000905E-01  0.8436566E-01  0.8797615E-01  0.9080851E-01
  0.9283762E-01  0.9404548E-01  0.9442139E-01  0.9396201E-01  0.9267142E-01  0.9056106E-01  0.8764965E-01  0.8396299E-01
  0.7953378E-01  0.7440130E-01  0.6861105E-01  0.6221438E-01  0.5526801E-01  0.4783353E-01  0.3997688E-01  0.3176770E-01
  0.2327880E-01  0.1458545E-01  0.5764740E-02 -0.3105124E-02 -0.1194549E-01 -0.2067796E-01 -0.2922511E-01 -0.3751115E-01
 -0.4546260E-01 -0.5300896E-01 -0.6008331E-01 -0.6662292E-01 -0.7256980E-01 -0.7787123E-01 -0.8248019E-01 -0.8635581E-01
 -0.8946373E-01 -0.9177639E-01 -0.9327328E-01 -0.9394113E-01 -0.9377402E-01 -0.9277343E-01 -0.9094823E-01 -0.8831461E-01
 -0.8489591E-01 -0.8072246E-01 -0.7583126E-01 -0.7026567E-01 -0.6407507E-01 -0.5731432E-01 -0.5004340E-01 -0.4232676E-01
 -0.3423283E-01 -0.2583338E-01 -0.1720290E-01 -0.8417913E-02  0.4436879E-03  0.9303321E-02  0.1808243E-01  0.2670316E-01
  0.3508908E-01  0.4316582E-01  0.5086177E-01  0.5810868E-01  0.6484230E-01  0.7100292E-01  0.7653591E-01  0.8139220E-01
  0.8552874E-01  0.8890884E-01  0.9150254E-01  0.9328684E-01  0.9424590E-01  0.9437124E-01  0.9366174E-01  0.9212368E-01
  0.8977071E-01  0.8662369E-01  0.8271053E-01  0.7806593E-01  0.7273106E-01  0.6675324E-01  0.6018547E-01  0.5308600E-01
  0.4551776E-01  0.3754788E-01  0.2924702E-01  0.2068879E-01  0.1194907E-01  0.3105365E-02
